version https://git-lfs.github.com/spec/v1
oid sha256:f956db104a0237100b05f3108793c9bf458dbd2134157c2beed0fbdffa4d68f6
size 4074
